0,tcp,http,SF,181,5450,0,0,0,0,0,1,0,0,0,0,0,0,0,0,0,0,8,8,0.00,0.00,0.00,0.00,1.00,0.00,0.00,9,9,1.00,0.00,0.11,0.00,0.00,0.00,0.00,0.00,normal.
0,tcp,http,SF,239,486,0,0,0,0,0,1,0,0,0,0,0,0,0,0,0,0,8,8,0.00,0.00,0.00,0.00,1.00,0.00,0.00,19,19,1.00,0.00,0.05,0.00,0.00,0.00,0.00,0.00,normal.
0,tcp,http,SF,235,1337,0,0,0,0,0,1,0,0,0,0,0,0,0,0,0,0,8,8,0.00,0.00,0.00,0.00,1.00,0.00,0.00,29,29,1.00,0.00,0.03,0.00,0.00,0.00,0.00,0.00,normal.
0,tcp,http,SF,219,1337,0,0,0,0,0,1,0,0,0,0,0,0,0,0,0,0,6,6,0.00,0.00,0.00,0.00,1.00,0.00,0.00,39,39,1.00,0.00,0.03,0.00,0.00,0.00,0.00,0.00,normal.
0,icmp,ecr_i,SF,1032,0,0,0,0,0,0,0,0,0,0,0,0,0,0,0,0,0,511,511,0.00,0.00,0.00,0.00,1.00,0.00,0.00,255,255,1.00,0.00,1.00,0.00,0.00,0.00,0.00,0.00,smurf.
0,icmp,ecr_i,SF,1032,0,0,0,0,0,0,0,0,0,0,0,0,0,0,0,0,0,511,511,0.00,0.00,0.00,0.00,1.00,0.00,0.00,255,255,1.00,0.00,1.00,0.00,0.00,0.00,0.00,0.00,smurf.
0,icmp,ecr_i,SF,1032,0,0,0,0,0,0,0,0,0,0,0,0,0,0,0,0,0,511,511,0.00,0.00,0.00,0.00,1.00,0.00,0.00,255,255,1.00,0.00,1.00,0.00,0.00,0.00,0.00,0.00,smurf.
0,icmp,ecr_i,SF,1032,0,0,0,0,0,0,0,0,0,0,0,0,0,0,0,0,0,511,511,0.00,0.00,0.00,0.00,1.00,0.00,0.00,255,255,1.00,0.00,1.00,0.00,0.00,0.00,0.00,0.00,smurf.
0,tcp,telnet,RSTO,126,179,0,0,0,1,1,0,0,0,0,0,0,0,0,0,0,0,3,3,0.00,0.00,1.00,1.00,1.00,0.00,0.00,38,38,1.00,0.00,0.03,0.00,0.05,0.05,0.95,0.95,guess_passwd.
0,tcp,telnet,RSTO,126,179,0,0,0,1,1,0,0,0,0,0,0,0,0,0,0,0,1,1,0.00,0.00,1.00,1.00,1.00,0.00,0.00,39,39,1.00,0.00,0.03,0.00,0.05,0.05,0.95,0.95,guess_passwd.
0,tcp,telnet,RSTR,126,179,0,0,0,2,1,0,0,0,0,0,0,0,0,0,0,0,1,1,0.00,0.00,1.00,1.00,1.00,0.00,0.00,40,40,1.00,0.00,0.03,0.00,0.05,0.05,0.95,0.95,guess_passwd.
0,tcp,telnet,RSTR,126,179,0,0,0,2,1,0,0,0,0,0,0,0,0,0,0,0,2,2,0.00,0.00,1.00,1.00,1.00,0.00,0.00,41,41,1.00,0.00,0.05,0.00,0.05,0.05,0.95,0.95,guess_passwd.
1,tcp,private,RSTR,0,0,0,0,0,0,0,0,0,0,0,0,0,0,0,0,0,0,8,2,0.00,0.00,1.00,1.00,0.25,0.50,0.00,178,2,0.01,0.04,0.04,0.00,0.01,0.00,0.32,1.00,portsweep.
1,tcp,private,RSTR,0,0,0,0,0,0,0,0,0,0,0,0,0,0,0,0,0,0,18,2,0.00,0.00,1.00,1.00,0.11,0.50,0.00,188,2,0.01,0.06,0.10,0.00,0.01,0.00,0.36,1.00,portsweep.
0,tcp,private,REJ,0,0,0,0,0,0,0,0,0,0,0,0,0,0,0,0,0,0,28,1,0.00,0.00,1.00,1.00,0.04,0.54,0.00,198,1,0.01,0.09,0.14,0.00,0.01,0.00,0.39,1.00,portsweep.
0,tcp,private,REJ,0,0,0,0,0,0,0,0,0,0,0,0,0,0,0,0,0,0,38,1,0.00,0.00,1.00,1.00,0.03,0.55,0.00,208,1,0.00,0.11,0.18,0.00,0.01,0.00,0.42,1.00,portsweep.
0,tcp,http,SF,54540,8314,0,0,0,2,0,1,1,0,0,0,0,0,0,0,0,0,4,4,0.00,0.00,0.00,0.00,1.00,0.00,0.00,44,44,1.00,0.00,0.02,0.00,0.00,0.00,0.05,0.05,back.
0,tcp,http,SF,54540,8314,0,0,0,2,0,1,1,0,0,0,0,0,0,0,0,0,4,4,0.00,0.00,0.00,0.00,1.00,0.00,0.00,45,45,1.00,0.00,0.02,0.00,0.00,0.00,0.04,0.04,back.
0,tcp,http,SF,54540,8314,0,0,0,2,0,1,1,0,0,0,0,0,0,0,0,0,5,5,0.00,0.00,0.00,0.00,1.00,0.00,0.00,46,46,1.00,0.00,0.02,0.00,0.00,0.00,0.04,0.04,back.
0,tcp,http,SF,54540,8314,0,0,0,2,0,1,1,0,0,0,0,0,0,0,0,0,4,4,0.00,0.00,0.00,0.00,1.00,0.00,0.00,47,47,1.00,0.00,0.02,0.00,0.00,0.00,0.04,0.04,back.